1 1874 1984
1 331 1701
1 1874 703
1 1874 343
1 1500 1956
1 2000 1159
1 1488 1874
1 1488 203
1 1874 1090
1 185 1952
1 185 1159
1 1874 896
1 1580 1194
1 1277 1305
1 1884 1701
1 363 1874
1 363 511
1 1194 1380
1 1833 1324
1 1963 120
1 1963 419
1 1874 945
1 1669 1305
1 1287 989
1 1287 224
1 1500 1277
1 1159 1076
1 1669 1349
1 1669 1811
1 1488 1061
1 453 14
1 453 1987
1 1258 151
1 1502 1706
1 585 1453
1 1844 1453
1 1277 56
1 877 1706
1 1277 205
1 1277 1906
1 918 1768
1 918 1874
1 918 412
1 1874 788
1 1037 1876
1 757 1440
1 1258 539
1 1258 829
1 1258 918
1 1839 1426
1 1839 1674
1 1258 1194
1 1258 1858
1 1281 1159
1 1281 453
1 1159 147
1 1159 14
1 1159 1661
1 1159 1874
1 151 93
1 1706 833
1 479 1674
1 1706 411
1 1881 1426
1 939 511
1 1706 458
1 1874 757
1 1799 547
1 157 1706
1 993 1617
1 585 1689
1 1744 1874
1 1833 1488
1 788 1706
1 1874 1689
1 539 1768
1 879 1706
1 1680 1689
1 1680 585
1 1689 1706
1 1689 204
1 1963 203
1 1963 39
1 350 492
1 350 603
1 350 832
1 350 853
1 203 419
1 1706 203
1 1 1833
1 1 350
1 1874 832
1 1007 547
1 1974 1194
1 350 1061
1 350 1576
1 350 1963
1 350 436
1 1839 1788
1 1839 602
1 1586 217
1 1706 361
1 655 1287
1 1874 450
1 1874 574
1 1839 395
1 1706 1353
1 1353 1874
1 763 1695
1 34 1453
1 1874 904
1 1874 1976
1 1874 579
1 1974 1453
1 1159 130
1 1159 1381
1 1752 1701
1 863 1933
1 863 524
1 1497 1258
1 1592 1706
1 403 1998
1 903 403
1 903 605
1 723 34
1 723 852
1 1287 728
1 1198 1899
1 1381 453
1 1258 658
1 466 1906
1 1618 2027
1 1365 466
1 1287 282
1 278 560
1 730 1232
1 1536 203
1 560 547
1 1839 963
1 630 1876
1 1287 1125
1 910 1669
1 1669 466
1 155 898
1 1510 306
1 1510 383
1 1510 817
1 465 1670
1 1987 1670
1 1906 1187
1 1906 1389
1 1906 248
1 1906 253
1 903 1894
1 794 278
1 1669 377
1 993 531
1 165 852
1 165 999
1 1906 1365
1 34 605
1 1874 1336
1 1258 165
1 1287 1738
1 1874 437
1 730 381
1 1704 1669
1 1897 1874
1 1897 1930
1 1897 412
1 1897 829
1 412 585
1 412 829
1 1874 211
1 585 829
1 1792 453
1 1725 453
1 839 453
1 993 58
1 1874 1096
1 630 1881
1 1618 702
1 248 1187
1 248 2027
1 248 466
1 248 76
1 1906 1118
1 248 1389
1 248 253
1 97 1277
1 1444 1669
1 1 617
1 531 1701
1 1120 220
1 1987 1927
1 1987 824
1 702 155
1 702 1629
1 702 630
1 1350 1669
1 1350 453
1 1629 630
1 852 104
1 852 1663
1 1669 1118
1 1998 1467
1 1998 1854
1 1277 1784
1 895 1996
1 1125 282
1 453 948
1 1423 1
1 1874 906
1 898 1444
1 1874 119
1 1874 668
1 359 869
1 1874 659
1 585 119
1 585 1214
1 585 1768
1 585 579
1 585 668
1 1782 1858
1 1782 403
1 430 1952
1 315 1701
1 1874 1592
1 825 298
1 825 1996
1 220 1795
1 728 1058
1 728 1587
1 728 1768
1 728 1906
1 728 1987
1 728 329
1 728 410
1 728 453
1 332 1159
1 1930 3
1 1350 1377
1 412 1767
1 585 211
1 1198 1858
1 1687 1874
1 137 1706
1 948 365
1 693 1701
1 647 1706
1 1096 1706
1 1096 1746
1 1462 1287
1 921 1701
1 428 1706
1 522 1895
1 1440 465
1 350 15
1 1669 1825
1 702 359
1 659 1987
1 993 1923
1 1287 105
1 1287 333
1 1287 667
1 412 153
1 1874 698
1 1159 1978
1 825 895
1 330 1669
1 895 691
1 411 930
1 1 771
1 1159 155
1 412 119
1 412 1214
1 412 579
1 412 668
1 895 483
1 1974 1833
1 1510 1556
1 1510 1650
1 1510 1691
1 1510 1785
1 1510 905
1 411 1390
1 430 1669
1 412 84
1 691 329
1 730 1277
1 1839 201
1 339 1874
1 1833 1768
1 1619 895
1 585 362
1 585 84
1 1876 1435
1 713 991
1 895 155
1 1237 1706
1 1669 1281
1 533 1874
1 1813 1287
1 1813 155
1 1877 1706
1 1874 462
1 1894 1440
1 1393 713
1 1390 930
1 351 453
1 1833 1894
1 1833 1899
1 1393 794
1 702 1277
1 713 278
1 1874 1829
1 24 1874
1 806 1278
1 359 1306
1 1839 796
1 1874 686
1 1930 1590
1 1874 1468
1 203 1387
1 1440 1202
1 1 686
1 1440 1468
1 1874 1843
1 1281 1377
1 1906 329
1 895 329
1 1874 1539
1 430 246
1 1874 1778
1 1874 1848
1 895 1971
1 1792 362
1 462 1258
1 462 1706
1 720 1874
1 540 1258
1 540 1874
1 932 1874
1 1440 160
1 412 1586
1 412 1963
1 829 1563
1 829 1767
1 829 1768
1 829 1792
1 829 362
1 829 999
1 539 1767
1 539 1792
1 539 362
1 539 585
1 539 999
1 521 1471
1 905 146
1 905 1556
1 905 1650
1 905 1691
1 1876 1234
1 1874 75
1 1440 786
1 1941 702
1 461 1874
1 939 1369
1 350 1539
1 1876 118
1 265 1471
1 1440 265
1 521 1702
1 419 465
1 834 839
1 1274 1030
1 1274 1137
1 1274 1508
1 1274 1598
1 1274 1690
1 1274 1750
1 1274 1901
1 1274 1915
1 1274 1965
1 1274 364
1 839 233
1 1248 1706
1 1238 246
1 1500 1550
1 82 1701
1 1233 1057
1 1037 1287
1 1037 1669
1 1037 453
1 1440 1707
1 1440 60
1 1998 1586
1 1536 1287
1 1536 895
1 1874 944
1 1287 118
1 1669 928
1 1287 1709
1 1669 527
1 1287 789
1 350 1486
1 412 420
1 1669 1447
1 1669 1921
1 1669 846
1 1669 139
1 1669 2019
1 1669 484
1 1669 676
1 1669 920
1 1669 1170
1 1669 1916
1 1669 1935
1 1669 6
1 1669 1139
1 1669 1142
1 1669 1313
1 1669 2005
1 1669 73
1 1669 1013
1 1669 1259
1 1669 1330
1 1669 1459
1 1669 1873
1 1669 544
1 1669 113
1 1669 790
1 1669 851
1 1669 95
1 1669 1147
1 1669 1400
1 1669 269
1 1669 300
1 1669 901
1 1669 126
1 1669 776
1 232 1669
1 1669 235
1 1731 1402
1 1731 419
1 1731 852
1 1510 39
1 1874 629
1 1874 1543
1 1874 800
1 1874 1616
1 1669 1329
1 1440 1616
1 1669 581
1 1369 2012
1 1669 53
1 1440 1634
1 350 360
1 1580 339
1 1440 629
1 1954 1159
1 928 1159
1 928 1287
1 1601 453
1 1518 547
1 350 379
1 1874 1140
1 1618 1669
1 1618 453
1 1258 1292
1 1278 24
1 411 1792
1 1616 1706
1 1874 1067
1 1874 1925
1 1182 1706
1 1182 1742
1 1287 1091
1 511 1073
1 1669 1289
1 1287 1146
1 1874 442
1 1440 570
1 979 1159
1 1669 712
1 1998 824
1 1669 1381
1 1874 1276
1 1 1283
1 511 824
1 1278 829
1 1618 713
1 363 1306
1 1874 1570
1 1522 1960
1 1044 453
1 1287 889
1 1974 1073
1 1974 1080
1 1159 1044
1 1140 1706
1 1440 1269
1 1258 55
1 1706 1497
1 1720 1159
1 1874 337
1 1874 586
1 895 730
1 1287 616
1 1287 935
1 1011 895
1 1768 345
1 1586 345
1 1586 945
1 419 1258
1 702 1586
1 702 556
1 1179 1439
1 852 1995
1 1580 1995
1 1580 1974
1 1277 1192
1 1277 1421
1 1814 1
1 272 1440
1 272 1874
1 272 852
1 1522 1833
1 1170 1377
1 1519 1701
1 1234 1500
1 151 1801
1 151 436
1 151 462
1 1112 453
1 1992 217
1 217 411
1 1543 1440
1 1277 1881
1 908 1874
1 1874 816
1 1876 616
1 616 1952
1 1634 1874
1 1634 2008
1 1874 1499
1 1874 526
1 1874 594
1 1439 1014
1 1439 1706
1 1992 1998
1 1992 903
1 1642 1952
1 1642 1669
1 1059 1906
1 511 992
1 1998 992
1 829 442
1 1992 1858
1 1879 1706
1 363 1444
1 1618 155
1 943 1550
1 943 329
1 1912 1586
1 620 412
1 1018 466
1 1709 291
1 1159 1112
1 1433 1706
1 1906 1039
1 1906 425
1 696 1701
1 1500 713
1 1500 1011
1 526 1499
1 511 418
1 841 1144
1 1669 311
1 999 1467
1 999 1854
1 1874 1467
1 1874 1854
1 1287 1863
1 511 104
1 350 1839
1 1844 511
1 1287 857
1 1669 350
1 1446 1159
1 1874 887
1 1874 2011
1 1376 1287
1 457 1258
1 457 21
1 1277 85
1 817 104
1 817 1073
1 1874 1009
1 1998 714
1 999 1639
1 971 453
1 1499 485
1 1580 1844
1 1159 971
1 1352 1056
1 1352 326
1 25 34
1 25 999
1 511 464
1 903 1369
1 979 1952
1 1213 231
1 1874 1469
1 1874 1550
1 1669 1768
1 1669 1987
1 1669 203
1 1669 329
1 1587 1009
1 457 1009
1 362 511
1 1550 895
1 943 1410
1 1789 1706
1 1874 731
1 485 387
1 485 526
1 1874 518
1 1213 547
1 1874 672
1 383 1839
1 278 1213
1 895 209
1 38 993
1 1 451
1 1376 1952
1 453 928
1 2010 1377
1 1287 391
1 1287 1755
1 1287 1085
1 1287 774
1 1287 1653
1 1894 943
1 1371 1287
1 993 327
1 993 909
1 939 1278
1 1312 1701
1 1287 36
1 1287 291
1 1278 526
1 29 1669
1 29 246
1 1312 1952
1 1312 38
1 1312 993
1 757 580
1 928 713
1 580 1258
1 580 1874
1 852 25
1 329 410
1 1706 551
1 1569 1706
1 739 1706
1 551 1874
1 620 1586
1 1 526
1 180 547
1 411 1743
1 1321 1706
1 826 453
1 1984 1
1 1630 1701
1 411 465
1 90 585
1 1770 1369
1 1770 511
1 1770 585
1 1770 90
1 730 859
1 521 594
1 1 411
1 383 511
1 465 383
1 628 1011
1 628 465
1 1874 1194
1 1287 925
1 1287 145
1 1278 345
1 1874 1557
1 1874 565
1 1258 1557
1 1874 77
1 1669 1111
1 1258 1638
1 1839 1639
1 1669 1620
1 1258 219
1 1706 1770
1 1706 90
1 1576 203
1 1278 47
1 1874 694
1 24 735
1 24 829
1 1277 1037
1 24 1549
1 24 1663
1 1874 735
1 1278 735
1 24 526
1 1500 1763
1 1500 209
1 457 1927
1 1911 283
1 203 539
1 1963 539
1 1833 1727
1 1833 535
1 1833 539
1 1833 829
1 1082 1669
1 1522 1309
1 1443 453
1 226 1159
1 1609 1340
1 1874 1727
1 511 565
1 1874 210
1 283 1874
1 1159 1340
1 1706 1685
1 1706 535
1 1772 1874
1 1912 1278
1 1912 999
1 1340 453
1 554 1706
1 203 535
1 1768 535
1 1159 826
1 852 1927
1 1876 1709
1 1159 371
1 1159 1443
1 734 547
1 219 1874
1 219 795
1 1258 1930
1 399 453
1 1500 1601
1 1136 278
1 1291 585
1 490 1669
1 591 1874
1 535 1685
1 535 1963
1 1664 194
1 453 153
1 1291 1998
1 350 1639
1 1007 1136
1 539 1586
1 539 535
1 620 453
1 535 1586
1 535 1727
1 535 350
1 535 829
1 539 1727
1 412 1906
1 829 1727
1 829 203
1 829 210
1 1706 829
1 1261 1768
1 1261 1792
1 1261 1874
1 1261 221
1 1261 372
1 412 203
1 1254 1088
1 1254 111
1 1254 1326
1 1254 1373
1 1254 154
1 1254 1793
1 1254 1872
1 1254 189
1 1254 1952
1 1254 1973
1 1254 1986
1 1254 2004
1 1254 378
1 1254 402
1 1254 514
1 1254 54
1 1254 562
1 1254 669
1 1254 733
1 1254 988
1 1782 1874
1 203 1303
1 457 1768
1 1 551
1 1927 1768
1 203 1080
1 203 84
1 203 1927
1 1258 1268
1 1796 1678
1 1874 1268
1 203 853
1 1927 535
1 412 1997
1 1874 1927
1 993 1602
1 1874 1134
1 1874 323
1 1874 35
1 888 1706
1 1874 888
1 93 853
1 1751 535
1 757 350
1 853 1134
1 853 1706
1 853 1751
1 853 323
1 853 35
1 1363 453
1 1874 370
1 535 853
1 1724 1952
1 1727 203
1 829 1997
1 370 1706
1 1874 234
1 702 1876
1 702 542
1 1706 1761
1 1706 1930
1 1010 1144
1 853 1639
1 1054 1874
1 1874 922
1 1159 1186
1 922 1706
1 542 1287
1 1839 829
1 1538 542
1 63 1060
1 1883 1706
1 1930 203
1 1874 1566
1 25 1151
1 25 841
1 84 1833
1 84 1997
1 730 1821
1 1287 127
1 67 1874
1 539 687
1 819 279
1 1 1982
1 1287 1724
1 466 1372
1 1669 1700
1 702 1363
1 1669 255
1 76 466
1 895 417
1 124 895
1 1178 278
1 1377 1669
1 1839 1227
1 1839 1402
1 1839 1856
1 1839 628
1 1839 983
1 165 1669
1 165 1674
1 165 869
1 1876 884
1 1159 1363
1 1333 1669
1 952 1669
1 322 1669
1 1206 1669
1 1346 1669
1 1902 1669
1 183 1669
1 1271 1669
1 1944 1669
1 814 1669
1 823 1669
1 68 1669
1 1436 1669
1 523 1669
1 1584 1669
1 405 1669
1 1029 1669
1 762 1669
1 499 1669
1 745 1669
1 1359 1669
1 1464 1669
1 856 1669
1 1452 1669
1 86 1669
1 976 1669
1 1790 1669
1 996 1669
1 2021 1669
1 847 1669
1 1143 1669
1 716 1669
1 1636 1669
1 1600 1669
1 1820 1669
1 1607 1669
1 1141 1669
1 1242 1669
1 1307 1669
1 1243 1669
1 1961 1669
1 1265 1669
1 1204 1669
1 1865 1669
1 309 1669
1 143 1669
1 1561 1669
1 515 1669
1 894 1669
1 65 1669
1 1108 1669
1 116 1669
1 1318 1669
1 953 1669
1 858 1669
1 286 1669
1 438 1669
1 685 1669
1 1360 1669
1 482 1669
1 1959 1669
1 1033 1669
1 1458 1669
1 1252 1669
1 1378 1669
1 214 1669
1 1041 1669
1 501 1669
1 1006 1669
1 625 1669
1 1152 1669
1 1967 1669
1 1101 1669
1 354 1669
1 394 1669
1 1656 1669
1 407 1669
1 496 1669
1 81 1669
1 1395 1669
1 1531 1669
1 274 1669
1 433 1669
1 1775 1669
1 356 1669
1 1553 1669
1 598 1669
1 357 1669
1 1379 1669
1 1513 1669
1 1055 1669
1 1414 1669
1 1463 1669
1 1086 1669
1 192 1669
1 610 1669
1 1958 1669
1 1637 1669
1 447 1669
1 878 1669
1 1871 1669
1 822 1669
1 1236 1669
1 1282 1669
1 202 1669
1 1287 914
1 702 1619
1 1671 993
1 1287 1601
1 1659 453
1 1187 466
1 1187 76
1 278 33
1 1619 1919
1 1619 333
1 1619 443
1 1619 866
1 1619 983
1 1287 1538
1 1287 1861
1 206 1701
1 206 547
1 206 1159
1 691 855
1 1510 691
1 1739 1159
1 1669 412
1 943 25
1 1333 246
1 782 1377
1 1345 1377
1 1311 1377
1 848 1377
1 1876 262
1 453 330
1 453 1195
1 1159 1659
1 1839 411
1 1839 423
1 993 1512
1 993 631
1 1669 840
1 1705 1952
1 835 453
1 1674 869
1 1812 1377
1 267 1377
1 493 1377
1 1802 1377
1 854 1377
1 1757 1377
1 1885 1377
1 1906 1372
1 797 1377
1 1068 1701
1 241 1377
1 1853 1377
1 959 1377
1 1363 1867
1 1461 1450
1 167 547
1 897 1500
1 1938 699
1 1876 1066
1 1550 1906
1 895 820
1 895 350
1 278 1154
1 1287 1185
1 993 1398
1 1197 1377
1 1197 1881
1 1906 1913
1 432 1952
1 1277 1541
1 1987 1966
1 1287 1668
1 730 721
1 1393 1058
1 1393 1149
1 1393 1550
1 1393 728
1 1669 1739
1 1550 1058
1 1550 1149
1 1550 713
1 1550 728
1 1149 1058
1 1149 1287
1 1149 713
1 1149 728
1 1159 835
1 1287 508
1 1669 1437
1 453 488
1 1287 1693
1 1393 943
1 1876 208
1 1440 184
1 1440 1903
1 1440 239
1 1440 319
1 1440 56
1 1440 653
1 1440 738
1 1618 575
1 1159 488
1 882 1124
1 882 1813
1 1363 430
1 1739 453
1 1520 1918
1 799 178
1 799 453
1 563 1190
1 1215 1952
1 1693 1679
