1 1768 440
1 1706 1833
1 1874 1559
1 1963 104
1 1440 1522
1 1106 1098
1 412 1465
1 993 1920
1 691 993
1 108 1144
1 1813 1831
1 882 1694
1 882 1701
1 510 1988
1 1098 1876
1 1098 895
1 895 1906
1 1065 289
1 999 1323
1 999 1510
1 999 1669
1 999 465
1 999 90
1 1706 302
1 1706 329
1 1874 1214
1 1874 1402
1 1874 1523
1 1874 385
1 1874 867
1 216 1706
1 1782 1194
1 1782 1440
1 1727 1159
1 1727 66
1 1727 849
1 1727 924
1 1159 1120
1 605 1198
1 498 1701
1 709 453
1 1440 1501
1 1198 1440
1 1587 1151
1 1587 1425
1 1587 1998
1 1587 217
1 344 1974
1 344 1998
1 1874 47
1 993 1906
1 605 1291
1 605 45
1 1500 1669
1 1159 1813
1 1440 1304
1 1782 1974
1 1159 178
1 656 1194
1 1467 1899
1 412 539
1 1501 656
1 2026 1377
1 1047 1768
1 1047 1874
1 1047 576
1 341 1701
1 548 1874
1 1706 539
1 943 1587
1 943 1792
1 577 1190
1 1357 1701
1 1357 1952
1 193 1701
1 1383 1874
1 539 1563
1 939 1782
1 939 1974
1 939 723
1 939 1894
1 939 605
1 939 272
1 272 605
1 1198 403
1 939 403
1 939 411
1 713 1956
1 1619 453
1 1277 630
1 457 1974
1 453 1076
1 1782 457
1 511 599
1 1874 1497
1 453 1484
1 278 453
1 453 1480
1 453 1748
1 453 1852
1 585 1547
1 1839 725
1 1550 855
1 1874 1684
1 1587 31
1 987 1377
1 1874 725
1 1844 605
1 1844 656
1 1874 1547
1 1874 453
1 1625 1440
1 1874 2002
1 993 1868
1 1878 1674
1 1878 1974
1 1878 999
1 993 519
1 993 697
1 999 1950
1 1874 400
1 1258 93
1 1839 93
1 2027 245
1 1874 1681
1 1159 1619
1 1625 1751
1 1625 1833
1 329 2027
1 895 1601
1 2027 1430
1 93 1874
1 999 177
1 1894 1501
1 755 268
1 585 21
1 1 1255
1 993 472
1 1669 555
1 12 1587
1 1874 1549
1 1874 295
1 1159 426
1 426 453
1 1258 1580
1 511 1309
1 1792 31
1 1277 1024
1 1277 1621
1 1277 37
1 1277 665
1 1277 874
1 1174 1805
1 1833 585
1 690 1833
1 1720 1706
1 1760 962
1 1894 1963
1 1287 431
1 1578 1501
1 1576 1258
1 1576 1751
1 1576 1874
1 999 429
1 1287 1774
1 453 1503
1 453 734
1 895 713
1 1833 203
1 1874 1193
1 1258 1524
1 511 1833
1 1287 1209
1 1478 1706
1 1723 1874
1 1684 312
1 1782 45
1 1418 41
1 1977 1706
1 1782 1198
1 45 34
1 341 1669
1 1874 366
1 1874 25
1 1874 1131
1 1874 603
1 618 1701
1 1876 1091
1 998 1159
1 1833 350
1 963 71
1 1876 1619
1 1839 1410
1 1839 867
1 175 453
1 651 246
1 1874 863
1 1782 585
1 249 453
1 295 1278
1 295 999
1 1874 1754
1 1712 1
1 1712 1699
1 1712 1946
1 1712 963
1 281 1874
1 567 1
1 1860 1159
1 863 1998
1 863 511
1 1192 1881
1 620 1047
1 475 1
1 475 1939
1 475 392
1 475 963
1 1706 1928
1 863 852
1 133 1706
1 1881 1377
1 1291 1278
1 465 2027
1 1120 1586
1 1120 1770
1 1120 1792
1 1120 203
1 1120 465
1 1120 1510
1 1120 90
1 453 938
1 691 279
1 1874 1712
1 1874 963
1 217 1522
1 511 1712
1 511 71
1 511 963
1 1194 1453
1 585 34
1 181 453
1 999 34
1 1813 1876
1 1323 1963
1 1576 1080
1 1576 1323
1 1576 1833
1 1576 1963
1 1576 999
1 1759 1258
1 1759 1874
1 1323 1899
1 1323 217
1 852 217
1 1874 1422
1 1578 1369
1 1768 852
1 1874 303
1 1974 47
1 1963 1669
1 993 240
1 1629 1586
1 895 373
1 585 1198
1 217 1457
1 217 1854
1 1833 1191
1 1440 729
1 1291 852
1 1876 1272
1 1287 1698
1 34 1258
1 34 1854
1 34 217
1 1037 1058
1 1037 1393
1 1037 1550
1 1037 1952
1 1037 245
1 1037 246
1 1037 728
1 1037 991
1 1037 998
1 1813 895
1 869 278
1 1485 1377
1 1501 585
1 1104 1159
1 278 1317
1 278 415
1 1874 658
1 993 1466
1 1839 151
1 1580 511
1 1287 995
1 1277 1619
1 1277 1629
1 1277 278
1 1277 713
1 1277 869
1 869 1366
1 869 1523
1 869 1619
1 869 630
1 1580 1369
1 1576 690
1 1183 1706
1 993 396
1 729 251
1 1776 1874
1 1963 1751
1 1801 1833
1 1920 396
1 20 963
1 993 17
1 999 723
1 1673 1269
1 1673 1587
1 1673 1874
1 1673 536
1 1673 999
1 1529 1706
1 1522 723
1 1742 1258
1 1742 1706
1 1742 658
1 702 1839
1 1839 691
1 1706 457
1 1522 14
1 1522 1673
1 841 999
1 690 1586
1 690 1751
1 690 603
1 690 853
1 999 1151
1 1706 1586
1 691 176
1 1874 1285
1 1562 1874
1 1580 1278
1 457 711
1 1874 711
1 1258 453
1 895 1763
1 903 1501
1 903 999
1 999 853
1 1441 547
1 1266 1500
1 1195 1669
1 1578 656
1 1284 1
1 1578 723
1 1684 1159
1 1698 1952
1 603 1833
1 1303 1833
1 585 852
1 1868 1701
1 376 1258
1 376 1369
1 1192 1120
1 34 1194
1 1839 105
1 1839 704
1 13 1874
1 943 999
1 1291 723
1 1198 217
1 1580 217
1 1369 1625
1 1768 84
1 1874 84
1 476 1768
1 476 1987
1 476 203
1 476 329
1 1550 1768
1 1550 1987
1 1550 329
1 702 1550
1 702 1987
1 702 203
1 702 329
1 702 476
1 1 1716
1 1874 187
1 1874 23
1 1874 14
1 1874 1506
1 1874 1962
1 1587 1506
1 1587 1962
1 1587 824
1 1874 615
1 1669 1163
1 895 1629
1 895 278
1 869 476
1 869 855
1 476 993
1 1275 1159
1 1874 28
1 691 56
1 702 691
1 1874 55
1 1 1892
1 453 849
1 1874 1361
1 999 1942
1 1874 156
1 608 547
1 1874 1420
1 1 664
1 1974 1309
1 999 1309
1 1874 1128
1 1258 1309
1 1198 999
1 1216 1159
1 1874 1794
1 43 566
1 1931 1701
1 1159 1675
1 350 1563
1 350 84
1 1874 1408
1 278 702
1 1669 769
1 1669 1588
1 1159 938
1 1287 1555
1 1 264
1 1500 279
1 1500 1629
1 1500 278
1 1876 529
1 1277 1710
1 1159 1819
1 1287 1124
1 1287 1629
1 229 1258
1 1500 1287
1 723 217
1 1874 414
1 2027 1768
1 1669 1083
1 1669 477
1 659 798
1 730 630
1 1287 855
1 1675 453
1 1188 1874
1 1287 1914
1 1774 529
1 279 453
1 453 1184
1 1159 279
1 991 453
1 1522 45
1 713 1876
1 1159 1852
1 1037 1594
1 84 15
1 84 1563
1 84 1706
1 1874 1934
1 529 895
1 341 1377
1 84 1258
1 1612 993
1 615 795
1 1669 76
1 1880 1669
1 1880 713
1 1874 1319
1 1710 453
1 1974 1198
1 1974 903
1 1079 1035
1 1079 1089
1 1876 476
1 1874 1087
1 308 1706
1 1934 1706
1 1440 1735
1 784 1638
1 784 1663
1 784 620
1 1682 453
1 1291 1440
1 453 1267
1 882 1981
1 882 2023
1 1310 1377
1 585 1465
1 98 470
1 350 539
1 350 829
1 1159 1267
1 471 1874
1 84 829
1 539 829
1 1992 585
1 1894 1151
1 1894 841
1 863 1253
1 863 1963
1 1914 1876
1 200 902
1 1159 200
1 1876 1601
1 1876 1906
1 1297 1706
1 1297 585
1 1839 1962
1 895 435
1 1516 1874
1 435 1500
1 1258 1179
1 1770 539
1 1770 918
1 852 47
1 1440 903
1 350 166
1 350 584
1 350 918
1 918 539
1 539 166
1 539 584
1 1522 852
1 1 1258
1 1874 134
1 1440 34
1 1440 96
1 1580 96
1 1874 96
1 1876 1175
1 217 1440
1 217 1833
1 1706 134
1 1580 1855
1 1580 411
1 927 1701
1 737 1179
1 737 1652
1 1198 1258
1 1175 1601
1 1175 1952
1 1876 1738
1 511 1751
1 1580 723
1 895 763
1 1876 279
1 1179 1823
1 1792 1823
1 1369 1833
1 895 869
1 1669 1310
1 1823 1214
1 1823 1874
1 1550 1126
1 869 1876
1 1126 1669
1 1874 1387
1 903 1874
1 999 64
1 1669 383
1 1995 1198
1 34 1995
1 999 1995
1 403 1995
1 403 999
1 1974 1995
1 1974 34
1 1974 403
1 1018 1669
1 1018 1906
1 1018 248
1 1018 76
1 1278 1974
1 1278 1995
1 1278 403
1 1572 278
1 278 470
1 1536 1550
1 1536 1748
1 1536 1768
1 1536 1987
1 1536 329
1 1277 1536
1 1277 1550
1 1277 1768
1 1277 1987
1 1277 329
1 1768 1587
1 1541 453
1 1258 1990
1 1159 175
1 1258 513
1 1981 1669
1 2027 869
1 1258 42
1 1159 249
1 1541 1587
1 1541 1768
1 1541 1874
1 1992 1501
1 852 1541
1 759 1
1 511 1342
1 1159 1250
1 479 1652
1 479 383
1 479 666
1 363 547
1 728 1669
1 1669 1815
1 1669 338
1 763 374
1 869 1078
1 882 80
1 1367 1706
1 852 1974
1 1580 1453
1 1669 1192
1 1658 1876
1 1669 465
1 869 1919
1 869 261
1 869 443
1 869 691
1 869 983
1 2027 630
1 2027 691
1 1580 1992
1 730 383
1 1906 1287
1 1874 1892
1 1738 1893
1 1738 2003
1 1738 51
1 1738 751
1 1510 2027
1 1510 465
1 412 197
1 706 1874
1 412 1080
1 412 1892
1 1874 1080
1 1874 1677
1 1874 197
1 1159 1405
1 1743 1510
1 1743 2027
1 1743 465
1 1674 1179
1 1674 1586
1 1674 1587
1 1674 1768
1 1674 1792
1 1674 1874
1 1674 1987
1 1674 203
1 1674 24
1 1674 257
1 1674 306
1 1674 329
1 1674 410
1 1674 412
1 1674 419
1 1674 465
1 1674 794
1 1674 817
1 1674 852
1 1614 453
1 1990 1805
1 1990 4
1 1291 1874
1 1573 1
1 453 494
1 1159 1614
1 359 1536
1 359 1976
1 359 576
1 1615 1874
1 1615 829
1 1037 1694
1 1416 829
1 582 1258
1 532 547
1 12 1440
1 12 1670
1 403 1858
1 1277 359
1 1291 1858
1 1430 465
1 1839 1649
1 1839 668
1 146 1743
1 1510 146
1 718 1874
1 718 492
1 1876 282
1 1192 359
1 1140 40
1 1623 1706
1 1500 1798
1 411 429
1 135 691
1 1194 1858
1 1828 1159
1 1705 1287
1 1894 34
1 2027 146
1 1669 146
1 1669 1510
1 1874 1482
1 1669 1904
1 1669 1094
1 278 898
1 691 1495
1 691 1523
1 691 1629
1 691 1919
1 691 261
1 691 278
1 691 713
1 1669 30
1 453 1918
1 1277 691
1 993 334
1 993 1551
1 1669 1232
1 1287 1169
1 1482 1
1 1159 97
1 1159 807
1 1 654
1 1159 1918
1 938 1880
1 1874 1020
1 1619 155
1 1619 1629
1 1619 2027
1 1619 630
1 1619 691
1 1619 713
1 998 1669
1 1287 1234
1 1315 1706
1 1277 1207
1 278 480
1 278 808
1 939 1453
1 1277 1394
1 362 453
1 453 1405
1 465 526
1 465 817
1 852 536
1 1334 1159
1 1415 658
1 1874 821
1 1440 1471
1 1258 536
1 869 569
1 1159 1023
1 1216 1952
1 1880 624
1 1501 1663
1 1501 1974
1 1501 1998
1 1501 2011
1 1501 411
1 1287 56
1 1522 1194
1 999 1194
1 630 1550
1 852 1080
1 869 424
1 1522 1198
1 882 1773
1 882 547
1 453 292
1 1173 1881
1 1159 1676
1 730 568
1 1159 292
1 480 808
1 1491 1159
1 1874 188
1 1945 1706
1 1159 463
1 1159 569
1 453 97
1 898 547
1 1278 1465
1 411 1833
1 710 1874
1 390 1697
1 390 297
1 390 984
1 1881 1120
1 34 627
1 903 627
1 1768 1278
1 999 257
1 1768 999
1 1278 1770
1 1874 257
1 746 1768
1 831 415
1 939 1440
1 593 1952
1 1670 1440
1 569 453
1 1440 1552
1 473 1874
1 1440 276
1 1545 278
1 1874 1645
1 419 1278
1 293 453
1 1440 335
1 1453 627
1 939 627
1 984 1697
1 984 1907
1 424 453
1 424 569
1 424 105
1 424 463
1 390 1887
1 390 1907
1 390 780
1 997 763
1 1440 898
1 1500 1994
1 454 1706
1 288 1477
1 1477 1253
1 1477 429
1 1440 1218
1 671 831
1 898 1205
1 1874 1218
1 1874 1347
1 1179 410
1 1874 410
1 1792 1510
1 1792 479
1 1277 292
1 1012 453
1 1440 1398
1 1792 1440
1 1792 1670
1 1277 369
1 1874 1494
1 1277 1896
1 713 1813
1 293 1669
1 293 1813
1 1258 210
1 1258 1080
1 1582 1953
1 1120 1358
1 1120 798
1 1669 635
1 1159 1012
1 1619 938
1 1277 1270
1 1669 1356
1 1669 207
1 1494 1706
1 1669 1498
1 794 806
1 794 999
1 585 1670
1 1669 1279
1 1674 1501
1 1674 1770
1 1674 521
1 1839 24
1 1839 385
1 1839 434
1 1839 666
1 1839 713
1 1839 916
1 1839 965
1 1669 1672
1 415 671
1 1874 1688
1 730 1287
1 1874 1604
1 993 307
1 1512 1669
1 238 1706
1 895 1748
1 278 162
1 1117 278
1 245 1287
1 806 1874
1 806 999
1 998 1377
1 1159 1040
1 852 817
1 794 604
1 736 999
1 895 1192
1 1277 1586
1 1906 572
1 1440 1586
1 1987 798
1 1277 195
1 511 1080
1 511 1688
1 459 1159
1 1501 339
1 1159 1022
1 1159 1195
1 1578 1995
1 730 507
1 999 1465
1 1501 34
1 1706 229
1 730 1991
1 107 895
1 1518 1377
1 1578 585
1 25 1258
1 869 1963
1 1839 1950
1 1839 2012
1 1022 1955
1 1022 453
1 353 1952
1 353 246
1 353 547
1 350 203
1 1418 547
1 1912 1208
1 1912 375
1 1912 459
1 1586 385
1 1894 1198
1 1550 1876
1 1428 1874
1 38 1440
1 1669 1368
1 486 1966
1 1258 345
1 1258 945
1 1874 1286
1 476 1748
1 1839 1019
1 1839 11
1 1839 117
1 1839 1277
1 1839 1382
1 1839 890
1 1839 978
1 1277 1748
1 1277 476
1 794 1963
1 511 526
1 1839 1727
1 1839 535
1 511 1767
1 818 278
1 691 785
1 38 12
1 1586 1767
1 1874 1767
1 511 2011
1 1894 2011
1 1874 481
1 852 96
1 1998 828
1 1998 96
1 1998 965
1 1580 1899
1 1618 1874
1 1618 511
1 363 1706
1 1669 89
1 1618 1674
1 1618 1769
1 1792 1767
1 1589 246
1 1017 1952
1 1017 1159
1 1263 1159
1 1618 1287
1 785 449
1 785 453
1 841 1148
1 1312 1874
1 432 1706
1 753 1287
1 250 713
1 1159 397
1 573 278
1 481 1706
1 1839 1680
1 397 453
1 1580 1858
1 1998 153
1 1998 1987
1 1882 1669
1 217 153
1 217 1987
1 1743 1669
1 1039 1277
1 1669 704
1 852 1269
1 841 1473
1 841 592
1 217 1858
1 217 403
1 1586 1426
1 1586 1768
1 1586 1770
1 841 1587
1 841 683
1 406 278
1 1998 1110
1 841 1110
1 371 453
1 1912 1258
1 1912 1383
1 1912 1768
1 1912 1987
1 1274 328
1 1274 636
1 260 701
1 1618 80
1 363 80
1 1581 1258
1 1581 1706
1 778 1159
1 1874 265
1 122 1857
1 1992 1194
1 1992 1258
1 25 265
1 432 993
1 1159 1258
1 78 1701
1 1567 453
1 1767 1680
1 1963 1680
1 1963 1767
1 1874 1906
1 993 1388
1 993 1722
1 993 1072
1 993 1413
1 620 841
1 456 1706
1 359 799
1 592 217
1 638 1706
1 806 1963
1 1862 453
1 895 1956
1 1258 403
1 1680 1492
1 1680 1685
1 1680 1792
1 1680 1874
1 1586 1680
1 1669 1674
1 453 1186
1 1369 1549
1 1369 668
1 895 2
