1 5 17
1 5 52
1 5 65
1 19 36
1 42 37
1 55 31
1 42 20
1 5 36
1 55 53
1 19 31
1 27 37
1 5 35
1 48 65
1 31 18
1 42 27
1 42 45
1 42 6
1 42 15
1 42 18
1 14 42
1 42 49
1 3 46
1 23 30
1 32 47
1 76 23
1 48 21
1 19 32
1 19 42
1 11 46
1 35 42
1 55 34
1 43 53
1 56 49
1 21 65
1 42 55
1 14 49
1 2 41
1 35 37
1 43 48
1 5 58
1 15 40
1 7 49
1 6 49
1 19 34
1 43 65
1 35 41
1 4 51
1 40 47
1 40 49
1 15 49
1 11 49
1 20 49
1 18 41
1 42 17
1 21 58
1 55 37
1 23 37
1 15 55
1 48 58
1 39 47
1 55 38
1 19 58
1 31 41
1 4 54
1 35 47
1 25 49
1 47 55
1 23 49
1 5 77
1 27 33
1 39 19
1 1 48
1 23 41
1 24 55
1 20 37
1 48 33
1 19 87
1 32 49
1 24 49
1 45 31
1 45 41
1 48 37
1 48 6
1 1 49
1 2 49
1 45 58
1 48 41
1 14 43
1 25 41
1 47 87
1 55 17
1 19 33
1 35 49
1 19 38
1 31 51
1 31 54
1 12 51
1 12 54
1 35 53
1 43 51
1 24 37
1 43 42
1 43 49
1 5 49
1 13 133
1 55 133
1 27 133
1 45 34
1 5 32
1 5 33
1 11 87
1 9 133
1 76 33
1 16 34
1 31 52
1 14 65
1 9 37
1 21 34
1 19 50
1 43 34
1 11 122
1 16 50
1 1 50
1 4 46
1 13 37
1 21 50
1 43 50
1 31 65
1 55 63
1 12 46
1 23 117
1 6 34
1 18 34
1 32 87
1 19 51
1 19 54
1 45 49
1 45 37
1 76 90
1 19 49
1 1 51
1 1 54
1 27 41
1 4 50
1 7 54
1 7 51
1 15 87
1 31 87
1 1 52
1 48 49
1 42 63
1 25 87
1 18 87
1 5 63
1 20 111
1 47 34
1 7 52
1 5 102
1 18 65
1 24 87
1 45 133
1 7 46
1 25 34
1 10 34
1 24 34
1 1 53
1 5 57
1 11 90
1 16 53
1 5 41
1 18 88
1 43 209
1 31 49
1 12 57
1 3 40
1 4 53
1 11 133
1 32 55
1 35 122
1 24 52
1 55 123
1 56 123
1 9 123
1 45 123
1 4 34
1 16 88
1 47 53
1 47 88
1 5 54
1 15 54
1 15 90
1 43 90
1 5 38
1 15 48
1 15 52
1 42 54
1 6 36
1 18 48
1 15 88
1 48 54
1 39 55
1 12 90
1 55 41
1 24 54
1 24 90
1 3 54
1 6 54
1 35 3
1 7 90
1 47 37
1 56 90
1 25 54
1 14 90
1 25 90
1 1 55
1 35 90
1 22 38
1 18 89
1 23 57
1 18 90
1 42 22
1 45 48
1 48 47
1 11 54
1 13 54
1 32 54
1 31 22
1 45 54
1 14 46
1 18 37
1 14 54
1 9 46
1 32 22
1 15 37
1 5 46
1 47 54
1 12 37
1 9 54
1 16 51
1 39 22
1 18 38
1 18 46
1 56 41
1 39 54
1 39 41
1 22 41
1 14 37
1 23 46
1 5 37
1 39 46
1 45 51
1 15 182
1 15 114
1 25 30
1 21 42
1 24 30
1 1 57
1 14 41
1 55 57
1 3 30
1 39 65
1 47 57
1 1 58
1 32 57
1 9 53
1 27 30
1 40 5
1 39 81
1 43 57
1 42 81
