1 61 25
1 20 35
1 47 21
1 61 43
1 55 12
1 55 56
1 47 15
1 24 15
1 55 3
1 55 8
1 55 9
1 24 47
1 56 19
1 25 3
1 12 19
1 55 18
1 55 11
1 55 27
1 43 8
1 35 19
1 24 21
1 19 27
1 8 19
1 55 14
1 55 22
1 55 40
1 55 43
1 55 5
1 55 7
1 7 19
1 43 25
1 2 19
1 35 11
1 14 9
1 19 22
1 40 35
1 8 11
1 8 25
1 23 35
1 55 4
1 43 23
1 13 15
1 13 21
1 13 9
1 2 1
1 2 5
1 14 13
1 45 7
1 9 27
1 56 21
1 56 9
1 61 8
1 19 21
1 27 15
1 27 21
1 27 24
1 8 17
1 10 43
1 23 22
1 23 45
1 55 46
1 43 17
1 43 22
1 13 1
1 7 17
1 2 12
1 2 8
1 3 11
1 3 16
1 14 1
1 35 22
1 47 13
1 47 14
1 16 22
1 35 10
1 9 15
1 9 21
1 25 11
1 45 22
1 1 5
1 1 3
1 1 8
1 19 11
1 11 22
1 56 8
1 40 22
1 24 14
1 27 12
1 22 25
1 8 10
1 8 22
1 8 48
1 10 16
1 10 23
1 10 7
1 23 11
1 23 20
1 12 1
1 12 13
1 12 15
1 12 21
1 12 56
1 12 9
1 43 16
1 7 22
1 7 40
1 13 5
1 13 56
1 14 25
1 14 3
1 14 5
1 14 8
1 3 21
1 3 47
1 3 5
1 3 24
1 3 8
1 3 9
1 2 15
1 2 25
1 2 27
1 2 56
1 3 12
1 3 2
1 3 22
1 3 13
1 47 9
1 16 11
1 16 61
1 9 1
1 9 24
1 1 4
1 15 1
1 15 19
1 15 25
1 15 56
1 15 8
1 19 23
1 19 24
1 19 5
1 15 11
1 15 14
1 15 5
1 19 14
1 11 40
1 11 45
1 56 11
1 56 3
1 56 5
1 25 23
1 61 17
1 61 19
1 40 10
1 40 23
1 45 2
1 5 11
1 5 21
1 5 24
1 5 25
1 27 47
1 27 8
1 5 12
1 5 16
1 5 22
1 5 47
1 8 12
1 8 9
1 22 17
1 22 10
1 22 18
1 22 61
1 48 22
1 10 25
1 12 25
1 12 11
1 12 14
1 12 61
1 43 19
1 43 7
1 13 19
1 13 22
1 13 25
1 13 8
1 14 10
1 14 11
1 14 22
1 14 61
1 2 24
1 2 47
1 2 9
1 47 1
1 9 19
1 9 5
1 3 20
1 3 23
1 3 27
1 1 22
1 1 6
1 1 7
1 19 10
1 19 3
1 11 13
1 11 61
1 11 9
1 16 13
1 16 20
1 16 21
1 16 23
1 16 9
1 19 25
1 25 1
1 25 21
1 19 16
1 19 47
1 56 22
1 56 23
1 56 25
1 56 47
1 16 14
1 16 25
1 16 8
1 25 27
1 25 9
1 15 21
1 15 3
1 56 10
1 19 1
1 15 10
1 15 23
1 16 27
1 61 13
1 61 15
1 61 23
1 61 9
1 15 20
1 5 10
1 5 61
1 24 11
1 5 23
1 5 27
1 8 21
1 8 24
1 8 47
1 27 11
1 27 22
1 27 23
1 22 12
1 22 15
1 22 47
1 24 56
1 5 8
1 22 21
1 22 9
1 23 14
1 23 2
1 23 24
1 10 17
1 23 13
1 12 10
1 12 20
1 12 47
1 10 45
1 10 48
1 4 22
1 43 40
1 13 2
1 13 27
1 14 21
1 14 27
1 14 35
1 7 35
1 47 16
1 47 25
1 2 10
1 2 16
1 2 11
1 2 20
1 2 21
1 9 23
1 3 7
1 1 10
1 1 11
1 19 20
1 16 15
1 19 6
1 15 7
1 20 10
1 20 22
1 20 8
1 20 9
1 27 1
1 27 20
1 27 56
1 27 7
1 40 17
1 18 11
1 18 13
1 18 20
1 18 23
1 18 27
1 18 35
1 20 61
1 5 18
1 5 20
1 5 7
1 8 23
1 18 1
1 18 12
1 18 14
1 18 25
1 18 3
1 40 48
1 61 27
1 18 7
1 18 8
1 18 9
1 45 40
1 18 10
1 24 1
1 24 25
1 18 2
1 18 56
1 12 23
1 23 47
1 23 7
1 12 16
1 6 11
1 6 12
1 6 16
1 6 20
1 6 25
1 6 8
1 10 13
1 10 9
1 6 23
1 6 24
1 6 3
1 6 9
1 43 35
1 6 35
1 6 5
1 4 11
1 4 20
1 4 21
1 4 6
1 4 8
1 4 9
1 4 10
1 4 13
1 4 15
1 4 47
1 13 7
1 14 17
1 14 56
1 2 22
1 2 4
1 7 12
1 7 2
1 7 25
1 7 8
1 7 9
1 47 10
1 3 17
1 1 17
1 1 16
1 11 21
1 11 10
1 35 12
1 56 4
1 19 17
1 19 4
1 25 35
1 25 20
1 61 10
1 61 56
1 24 10
1 24 22
1 10 3
1 6 15
1 6 22
1 6 47
1 6 7
1 4 25
1 13 17
1 13 6
1 47 7
1 47 11
1 11 17
1 11 7
1 56 6
1 56 7
1 61 21
1 61 4
1 20 21
1 20 56
1 24 4
1 24 20
1 23 1
1 23 21
1 6 10
1 6 21
1 6 2
1 43 45
1 13 20
1 4 5
1 7 20
1 7 21
1 3 45
1 2 61
1 47 17
1 47 61
1 61 24
1 61 3
1 27 6
1 20 1
1 27 17
1 20 47
1 10 27
1 13 45
1 2 17
1 1 21
1 8 45
1 27 4
1 45 27
1 45 4
1 45 47
1 45 9
1 18 21
1 18 45
1 6 18
1 6 17
1 6 45
1 6 61
1 4 12
1 7 61
1 14 4
1 11 20
1 16 18
1 56 45
1 45 19
1 18 15
1 18 17
1 23 17
1 12 17
1 24 7
1 4 43
1 10 21
1 13 24
1 14 45
1 3 43
1 15 17
1 16 17
1 16 24
1 16 4
1 56 17
1 15 43
1 56 43
1 25 17
1 20 17
1 45 17
1 45 21
1 45 25
1 45 12
1 45 15
1 45 20
1 45 24
1 23 4
1 12 24
1 6 14
1 6 43
1 4 3
1 4 7
1 4 17
1 2 43
1 43 11
1 43 5
1 43 9
1 47 18
1 47 43
1 9 17
1 16 7
1 20 43
1 1 26
1 18 43
1 13 43
1 2 14
1 43 21
1 43 27
1 4 26
1 55 10
1 19 26
1 56 1
1 56 26
1 26 24
1 26 6
1 26 7
1 26 9
1 26 11
1 26 17
1 26 23
1 26 27
1 26 45
1 26 5
1 20 14
1 61 45
1 18 19
1 18 4
1 7 14
1 47 26
1 16 26
1 25 26
1 26 14
1 26 2
1 26 22
1 8 26
1 45 5
1 24 17
1 24 18
1 18 26
1 55 35
1 61 26
1 13 26
1 26 12
1 16 45
1 40 46
1 56 16
1 26 20
1 25 55
1 48 25
1 14 40
1 26 40
1 16 40
1 21 26
1 40 19
1 40 20
1 40 24
1 40 56
1 40 8
1 13 40
1 40 12
1 40 21
1 40 27
1 40 4
1 40 9
1 4 35
1 56 35
1 27 35
1 35 21
1 35 2
1 35 45
1 35 61
1 11 48
1 48 5
1 35 16
1 35 26
1 35 9
1 13 35
1 26 55
1 55 48
1 24 48
1 5 123
1 55 20
1 55 2
1 55 45
1 55 6
1 16 123
1 55 21
1 55 23
1 26 123
1 55 16
1 55 19
1 40 2
1 23 123
1 13 55
1 15 203
1 61 55
1 6 40
1 40 18
1 47 203
1 76 45
1 25 76
1 76 24
1 12 76
1 27 76
1 76 26
1 61 40
1 25 29
1 27 29
1 31 206
1 1 28
1 31 26
1 48 4
1 42 78
1 12 42
1 1 29
1 42 79
1 19 48
1 48 14
1 8 29
1 24 160
1 76 161
1 56 48
1 24 161
1 23 48
1 48 27
1 32 120
1 61 209
1 42 28
1 77 237
1 14 112
1 7 112
1 40 112
1 35 112
1 21 112
1 56 112
1 9 168
1 56 46
1 12 112
1 13 112
1 13 168
1 12 77
1 32 121
1 24 162
1 7 162
1 21 127
1 21 118
1 76 162
1 10 37
1 55 178
1 16 178
1 43 37
1 26 15
1 25 131
1 76 127
1 61 131
1 24 127
1 7 243
1 21 243
1 42 80
1 5 80
1 6 236
1 56 258
1 24 163
1 12 113
1 7 214
1 13 169
1 21 214
1 9 169
1 14 214
1 7 215
1 7 216
1 31 20
1 14 215
1 26 42
1 21 215
1 24 33
1 2 264
1 6 80
1 31 23
1 14 118
1 7 118
1 14 162
1 48 76
1 14 216
1 22 37
1 21 162
1 14 163
1 5 253
1 12 49
1 55 242
1 55 243
1 22 30
1 15 138
1 15 233
1 77 58
1 16 179
1 55 179
1 56 133
1 32 122
1 15 187
1 56 37
1 15 234
1 13 170
1 39 21
1 55 180
1 55 181
1 16 180
1 16 181
1 39 24
1 16 160
1 31 132
1 23 132
1 20 132
1 7 37
1 14 33
1 14 76
1 32 76
1 35 65
1 12 114
1 27 115
1 8 274
