1 76 55
1 22 76
1 13 76
1 47 60
1 42 60
1 35 60
1 40 37
1 39 16
1 4 170
1 39 196
1 19 41
1 39 197
1 16 41
1 13 171
1 19 60
1 16 171
1 16 183
1 16 184
1 13 172
1 16 173
1 16 185
1 5 254
1 4 241
1 13 173
1 13 174
1 13 175
1 55 244
1 55 245
1 55 246
1 16 186
1 42 83
1 27 134
1 39 134
1 16 187
1 55 247
1 27 135
1 3 235
1 19 235
1 55 248
1 3 229
1 19 229
1 14 217
1 14 172
1 14 185
1 14 106
1 27 136
1 3 109
1 3 239
1 3 188
1 19 109
1 15 183
1 15 118
1 3 174
1 3 175
1 3 240
1 19 118
1 19 136
1 14 183
1 13 177
1 13 176
1 14 174
1 14 175
1 14 218
1 14 219
1 19 174
1 19 175
1 19 80
1 16 188
1 15 109
1 15 174
1 15 175
1 4 177
1 3 149
1 15 136
1 45 207
1 14 109
1 14 199
1 14 220
1 14 80
1 19 199
1 19 218
1 19 220
1 15 199
1 15 220
1 15 135
1 19 198
1 15 218
1 15 80
1 19 183
1 14 177
1 15 177
1 3 96
1 39 118
1 39 135
1 39 174
1 39 198
1 39 199
1 39 200
1 39 183
1 4 62
1 16 189
1 14 221
1 2 209
1 9 99
1 23 236
1 1 61
1 13 137
1 27 137
1 2 50
1 23 50
1 45 65
1 47 62
1 2 65
1 39 61
1 11 62
1 1 62
1 76 21
1 19 88
1 13 65
1 48 62
1 21 88
1 10 53
1 45 53
1 15 62
1 61 53
1 20 88
1 14 62
1 61 50
1 31 50
1 15 50
1 26 10
1 26 38
1 10 50
1 11 50
1 5 255
1 45 50
1 1 63
1 61 65
1 2 54
1 26 54
1 31 61
1 48 26
1 47 63
1 23 63
1 20 63
1 15 63
1 21 91
1 6 50
1 6 65
1 47 50
1 12 102
1 11 102
1 47 102
1 2 102
1 10 65
1 13 84
1 6 84
1 2 84
1 5 53
1 15 53
1 10 102
1 45 102
1 20 53
1 10 91
1 6 133
1 2 133
1 11 84
1 48 91
1 31 102
1 9 102
1 9 50
1 20 133
1 23 51
1 26 3
1 5 51
1 9 65
1 47 65
1 6 62
1 21 102
1 26 50
1 26 62
1 13 44
1 26 37
1 26 44
1 3 50
1 3 65
1 35 102
1 24 102
1 48 44
1 24 65
1 24 50
1 61 60
1 10 44
1 10 84
1 22 84
1 12 50
1 22 65
1 31 84
1 22 102
1 48 61
1 61 44
1 61 38
1 18 91
1 23 52
1 61 52
1 5 91
1 13 50
1 61 37
1 45 36
1 8 50
1 8 65
1 31 8
1 31 60
1 8 38
1 8 60
1 23 259
1 4 102
1 2 62
1 20 50
1 61 210
1 20 65
1 47 84
1 48 84
1 18 50
1 43 84
1 11 65
1 10 60
1 22 103
1 35 52
1 8 41
1 26 43
1 61 41
1 8 42
1 10 42
1 61 42
1 27 138
1 42 84
1 3 62
1 77 100
1 18 61
1 55 62
1 4 85
1 1 64
1 43 62
1 10 62
1 31 130
1 35 62
1 55 84
1 31 62
1 55 51
1 55 99
1 19 99
1 45 85
1 14 51
1 8 37
1 20 51
1 42 85
1 31 99
1 22 99
1 48 99
1 6 30
1 55 85
1 55 74
1 19 37
1 19 74
1 32 62
1 42 52
1 10 89
1 35 50
1 20 74
1 27 139
1 9 30
1 32 61
1 22 50
1 61 30
1 22 54
1 27 140
1 27 141
1 48 16
1 1 65
1 32 126
1 48 126
1 61 126
1 21 54
1 21 81
1 10 52
1 6 81
1 10 212
1 2 81
1 19 59
1 26 53
1 22 53
1 55 50
1 21 62
1 42 50
1 26 65
1 2 74
1 42 65
1 21 59
1 8 204
1 55 204
1 9 204
1 22 74
1 10 204
1 20 204
1 45 59
1 21 80
1 3 59
1 11 80
1 55 59
1 16 74
1 6 52
1 9 59
1 43 52
1 43 59
1 10 74
1 8 32
1 32 26
1 32 50
1 32 65
1 6 59
1 48 59
1 8 35
1 43 74
1 48 74
1 10 36
1 18 74
1 76 193
1 19 89
1 21 74
1 3 89
1 76 194
1 20 59
1 3 125
1 10 59
1 26 59
1 20 89
1 13 53
1 76 195
1 8 125
1 31 74
1 55 30
1 3 66
1 27 66
1 19 66
1 18 66
1 32 66
1 48 66
1 35 74
1 15 66
1 35 66
1 45 44
1 45 62
1 1 66
1 26 30
1 16 44
1 16 66
1 10 66
1 19 44
1 35 44
1 32 52
1 9 66
1 43 213
1 10 213
1 35 89
1 26 89
1 24 91
1 35 202
1 16 91
1 22 104
1 22 105
1 22 94
1 61 181
1 23 180
1 23 181
1 22 106
1 1 67
1 22 107
1 23 260
1 18 92
1 32 127
1 27 68
1 27 142
1 22 108
1 23 142
1 27 107
1 27 143
1 42 86
1 23 143
1 48 127
1 18 94
1 32 128
1 27 144
1 32 129
1 23 144
1 26 201
1 22 109
1 23 261
1 23 94
1 23 148
1 14 205
1 23 108
1 23 71
1 26 46
1 1 68
1 1 69
1 23 104
1 23 69
1 23 93
1 19 205
1 27 145
1 55 205
1 27 146
1 23 145
1 47 205
1 23 146
1 23 262
1 18 93
1 27 147
1 26 198
1 1 70
1 23 234
1 24 164
1 27 97
1 23 147
1 24 106
1 27 109
1 18 95
1 39 201
1 23 255
1 18 96
1 23 109
1 18 97
1 31 100
1 55 187
1 21 257
1 55 107
1 1 71
1 1 72
1 27 148
1 27 149
1 23 149
1 23 95
1 23 98
1 18 98
1 55 217
1 55 249
1 23 59
1 55 250
1 14 222
1 14 223
1 25 60
1 32 72
1 14 186
1 55 186
1 55 230
1 14 224
1 55 251
1 14 225
1 14 226
1 24 165
1 31 166
1 31 165
1 24 166
1 14 227
1 14 228
1 14 230
1 14 229
1 55 252
1 39 166
1 14 231
1 16 190
1 16 191
1 8 252
1 4 238
1 35 238
1 2 207
1 27 150
1 23 202
1 43 165
1 25 114
1 47 202
1 25 62
1 27 62
1 39 92
1 45 202
1 22 110
1 39 202
1 47 92
1 76 39
1 21 133
1 8 133
1 45 92
1 40 133
1 14 50
1 10 133
1 8 39
1 21 66
1 6 66
1 76 50
1 48 50
1 55 92
1 22 62
1 23 65
1 14 99
1 25 53
1 39 53
1 39 62
1 15 103
1 61 62
1 8 99
1 61 99
1 43 99
1 21 99
1 14 114
1 8 130
1 18 99
1 13 62
1 45 66
1 2 89
1 22 66
1 23 62
1 47 46
1 2 91
1 76 61
1 76 2
1 12 118
1 14 84
1 1 73
1 39 26
1 32 73
1 23 73
1 76 60
1 35 73
1 26 60
1 25 73
1 35 84
1 61 84
1 76 10
1 39 84
1 32 130
1 43 76
1 1 74
1 76 11
1 11 89
1 4 74
1 40 74
1 25 75
1 22 75
1 35 75
1 23 74
1 22 91
1 10 41
1 45 75
1 47 75
1 26 75
1 14 66
1 61 75
1 25 50
1 4 66
1 55 110
1 55 232
1 27 114
1 23 66
1 22 111
1 47 111
1 20 73
1 40 53
1 21 101
1 25 74
1 40 50
1 39 114
1 55 66
1 26 91
1 19 76
1 24 53
1 76 17
1 45 114
1 24 62
1 4 37
1 8 114
1 8 211
1 8 30
1 45 208
1 45 205
1 16 57
1 21 211
1 5 211
1 55 75
1 16 75
1 14 75
1 10 30
1 2 75
1 1 75
1 4 75
1 14 232
1 9 75
1 19 30
1 27 151
1 11 75
1 27 152
1 27 153
1 24 75
1 27 154
1 23 263
1 35 114
1 19 75
1 26 41
1 27 155
1 1 76
1 35 208
1 27 156
1 27 157
1 27 158
1 9 76
1 20 57
1 2 114
1 11 114
1 9 51
1 45 89
1 12 53
1 21 51
1 35 51
1 24 167
1 11 125
1 39 125
1 18 53
1 6 165
1 55 192
1 76 62
1 27 159
1 11 211
1 11 59
1 12 119
1 39 59
1 12 59
1 6 119
1 16 84
1 16 62
1 76 30
1 76 35
1 13 77
1 16 192
1 6 76
1 6 77
1 4 77
1 35 59
1 18 77
1 77 11
1 77 21
1 77 2
1 77 35
1 77 39
1 77 59
1 20 77
1 77 17
1 27 50
1 77 61
1 16 77
1 1 77
1 45 77
1 19 77
1 40 89
1 27 77
1 61 89
1 77 41
1 77 26
1 61 46
1 77 37
1 77 9
1 55 44
1 77 55
1 8 62
1 61 125
1 8 265
1 8 266
1 8 267
1 8 268
1 8 269
1 8 270
1 8 271
1 8 272
1 8 273
1 8 274
