1 16 30
1 55 58
1 45 52
1 43 63
1 35 30
1 25 123
1 25 63
1 47 30
1 27 52
1 24 57
1 24 58
1 18 81
1 14 30
1 16 31
1 18 58
1 20 52
1 32 123
1 25 58
1 21 52
1 43 123
1 5 59
1 16 59
1 47 100
1 48 100
1 48 57
1 4 100
1 11 52
1 32 16
1 9 52
1 13 52
1 27 117
1 4 63
1 20 117
1 7 100
1 4 125
1 55 100
1 42 16
1 16 124
1 21 117
1 55 125
1 24 117
1 3 124
1 2 124
1 11 124
1 5 124
1 14 124
1 32 124
1 9 124
1 21 41
1 35 54
1 32 125
1 16 182
1 2 59
1 1 59
1 7 59
1 14 59
1 55 54
1 55 65
1 9 117
1 12 101
1 31 59
1 55 52
1 13 59
1 14 117
1 13 41
1 9 41
1 16 38
1 13 114
1 55 114
1 55 36
1 5 114
1 16 37
1 55 89
1 22 100
1 22 36
1 2 100
1 3 128
1 43 100
1 43 88
1 16 65
1 16 36
1 25 52
1 27 65
1 5 88
1 7 88
1 15 198
1 4 117
1 5 100
1 4 204
1 12 117
1 22 101
1 16 52
1 25 117
1 55 212
1 31 117
1 15 65
1 25 65
1 56 53
1 2 53
1 3 60
1 21 53
1 7 65
1 16 46
1 7 210
1 9 28
1 20 46
1 23 36
1 11 88
1 1 60
1 5 60
1 32 60
1 19 221
1 7 256
1 16 60
1 18 60
1 24 60
1 12 80
1 15 76
1 76 7
1 42 82
1 7 60
1 15 60
1 14 60
1 40 60
1 56 60
1 48 82
1 27 60
1 22 60
1 6 46
1 21 60
1 55 60
1 12 60
1 20 60
1 2 60
1 3 41
1 43 60
1 55 33
1 22 33
1 45 60
1 11 60
1 7 30
1 20 48
1 16 33
1 21 30
1 21 37
1 9 33
1 4 60
1 6 60
1 22 46
1 9 60
1 2 46
1 13 60
1 6 41
1 48 60
1 21 46
1 23 60
1 39 60
1 76 16
1 76 20
1 76 3
