1 14 34
1 32 2
1 32 33
1 32 34
1 56 31
1 3 34
1 2 34
1 3 32
1 2 33
1 1 30
1 31 1
1 31 38
1 48 9
1 48 35
1 56 38
1 25 132
1 25 31
1 25 38
1 56 132
1 15 31
1 15 32
1 15 34
1 9 31
1 9 38
1 14 31
1 32 20
1 48 2
1 48 34
1 35 132
1 35 38
1 6 31
1 40 132
1 40 25
1 9 34
1 32 31
1 45 132
1 45 38
1 25 37
1 1 32
1 31 3
1 35 17
1 39 13
1 39 35
1 39 37
1 39 7
1 56 33
1 1 39
1 1 33
1 32 48
1 48 31
1 39 25
1 39 56
1 31 34
1 7 33
1 31 17
1 13 31
1 32 12
1 35 33
1 35 58
1 39 12
1 39 17
1 39 20
1 39 30
1 2 30
1 12 31
1 31 33
1 32 25
1 32 39
1 24 31
1 20 33
1 39 15
1 39 34
1 6 39
1 39 2
1 7 31
1 2 36
1 12 30
1 31 39
1 14 39
1 4 65
1 32 36
1 3 39
1 39 27
1 39 33
1 39 48
1 39 58
1 39 9
1 39 36
1 1 34
1 1 37
1 48 36
1 15 30
1 15 33
1 12 48
1 12 58
1 31 36
1 12 33
1 24 32
1 24 35
1 48 17
1 1 35
1 1 36
1 31 125
1 27 34
1 56 116
1 20 125
1 25 36
1 32 27
1 32 35
1 2 37
1 45 32
1 15 36
1 12 36
1 13 125
1 13 36
1 9 36
1 4 58
1 20 36
1 24 36
1 27 36
1 35 15
1 35 36
1 56 36
1 39 38
1 15 38
1 7 36
1 14 38
1 43 33
1 43 36
1 10 33
1 10 39
1 3 37
1 32 17
1 24 43
1 6 38
1 31 43
1 31 4
1 31 21
1 32 21
1 32 30
1 4 36
1 1 38
1 39 45
1 40 32
1 40 33
1 18 59
1 1 40
1 21 36
1 3 38
1 6 37
1 31 27
1 13 38
1 32 43
1 32 9
1 4 39
1 35 31
1 40 36
1 43 58
1 18 33
1 18 36
1 12 34
1 12 38
1 32 38
1 10 38
1 1 41
1 3 36
1 39 11
1 31 40
1 20 38
1 45 1
1 7 32
1 11 32
1 31 11
1 47 33
1 11 37
1 20 30
1 47 31
1 45 33
1 14 36
1 39 40
1 20 41
1 6 32
1 47 36
1 11 30
1 11 34
1 43 1
1 7 38
1 27 38
1 4 38
1 4 88
1 2 38
1 31 10
1 32 13
1 11 36
1 11 38
1 11 41
1 43 38
1 21 38
1 48 38
1 12 41
1 4 32
1 24 38
1 3 48
1 10 32
1 21 17
1 40 38
1 48 7
1 13 48
1 11 33
1 42 24
1 42 25
1 42 4
1 42 7
1 1 42
1 45 30
1 4 41
1 7 41
1 42 11
1 42 36
1 42 38
1 42 47
1 40 41
1 32 37
1 1 44
1 32 42
1 42 39
1 42 56
1 3 42
1 47 41
1 24 41
1 39 44
1 39 43
1 42 31
1 2 42
1 2 44
1 7 44
1 39 18
1 43 41
1 20 44
1 4 33
1 31 44
1 32 111
1 32 41
1 32 44
1 14 44
1 11 44
1 39 23
1 42 23
1 3 44
1 31 30
1 31 37
1 43 30
1 23 44
1 42 9
1 12 116
1 18 32
1 42 30
1 42 41
1 42 33
1 42 40
1 6 44
1 13 33
1 56 125
1 13 42
1 21 44
1 23 33
1 13 30
1 42 48
1 3 53
1 4 116
1 32 53
1 23 53
1 27 53
1 42 5
1 11 53
1 7 53
1 23 38
1 4 52
1 4 81
1 39 5
1 23 204
1 48 46
1 48 52
1 12 81
1 1 46
1 47 204
1 47 38
1 5 30
1 12 52
1 21 33
1 5 31
1 18 30
1 32 56
1 32 23
1 42 44
1 12 65
1 3 33
1 19 52
1 19 65
1 27 44
