1 327 369
1 341 368
1 344 368
1 341 344
1 335 367
1 336 367
1 353 356
1 353 359
1 356 358
1 358 363
1 359 363
1 361 367
1 339 367
1 341 367
1 272 357
1 272 356
1 272 359
1 335 342
1 354 359
1 335 356
1 346 369
1 342 343
1 302 370
1 348 361
1 302 336
1 330 363
1 333 363
1 346 357
1 348 368
1 330 361
1 348 365
1 349 368
1 272 354
1 339 359
1 344 351
1 331 350
1 333 350
1 353 361
1 353 371
1 361 363
1 327 371
1 327 332
1 327 333
1 272 351
1 327 330
1 327 331
1 341 345
1 341 354
1 341 355
1 272 339
1 351 356
1 358 365
1 326 334
1 346 358
1 326 330
1 352 355
1 372 373
1 326 331
1 272 347
1 326 372
1 366 367
1 272 348
1 272 355
1 326 373
1 359 364
1 272 358
1 272 345
1 344 367
1 346 359
1 272 340
1 272 341
1 366 371
1 329 366
1 348 364
1 272 346
1 272 369
1 345 365
1 356 369
1 332 373
1 333 372
1 333 373
1 330 373
1 351 365
1 330 372
1 348 355
1 330 349
1 359 369
1 369 371
1 272 371
1 348 371
1 374 375
1 328 348
1 272 365
1 334 340
1 328 339
1 329 340
1 376 377
1 318 353
1 329 376
1 329 377
1 333 340
1 376 378
1 376 379
1 377 379
1 378 379
1 347 366
1 356 366
1 354 369
1 340 372
1 318 377
1 318 378
1 318 381
1 329 382
1 377 380
1 378 381
1 379 380
1 381 382
1 377 383
1 378 383
1 380 382
1 318 383
1 328 380
1 328 382
1 377 384
1 378 384
1 318 329
1 332 357
1 332 358
1 339 346
1 377 378
1 328 384
1 339 345
1 340 359
1 328 383
1 329 381
1 332 356
1 340 365
1 369 376
1 332 351
1 381 384
1 272 376
1 272 377
1 272 379
1 318 379
1 328 379
1 329 378
1 272 328
1 318 328
1 318 346
1 359 380
1 328 381
1 328 378
1 375 379
1 376 384
1 376 380
1 379 384
1 318 384
1 329 379
1 377 381
1 383 384
1 377 382
1 382 384
1 328 376
1 329 380
1 359 374
1 359 379
1 381 383
1 272 373
1 345 385
1 346 385
1 359 376
1 386 387
1 328 377
1 375 380
1 380 381
1 318 376
1 374 379
1 374 380
1 374 381
1 375 377
1 378 380
1 374 388
1 376 381
1 375 385
1 318 380
1 345 374
1 345 388
1 371 384
1 378 382
1 380 384
1 385 386
1 345 386
1 345 387
1 374 386
1 389 390
1 329 359
1 367 388
1 375 389
1 372 376
1 376 383
1 341 372
1 329 384
1 346 386
1 379 382
1 272 385
1 345 391
1 367 392
1 371 388
1 318 341
1 376 382
1 329 341
1 379 381
1 359 385
1 385 389
1 341 379
1 341 382
1 318 371
1 341 377
1 389 393
1 345 394
1 346 394
1 318 382
1 386 389
1 387 389
1 318 386
1 376 386
1 328 386
1 335 395
1 318 389
1 379 386
1 384 389
1 378 393
1 380 383
1 393 395
1 378 389
1 335 386
1 335 387
1 387 395
1 389 392
1 386 395
1 374 389
1 367 396
1 373 374
1 335 375
1 397 398
1 393 399
1 374 399
1 391 394
1 335 374
1 372 400
1 385 394
1 373 400
1 400 401
1 335 399
1 402 403
1 404 405
1 402 405
1 403 404
1 397 405
1 397 400
1 346 378
1 385 400
1 345 400
1 344 402
1 371 402
1 371 403
1 399 400
1 406 407
1 378 387
1 346 371
1 385 391
1 403 406
1 378 386
1 386 393
1 375 399
1 367 406
1 393 402
1 405 406
1 367 378
1 371 378
1 371 393
1 367 407
1 371 407
1 386 400
1 389 404
1 401 406
1 389 400
1 400 404
1 335 400
1 367 386
1 374 403
1 367 408
1 387 400
1 389 403
1 389 399
1 400 409
1 387 410
1 396 408
1 400 408
1 401 408
1 399 402
1 397 399
1 404 408
1 367 400
1 389 409
1 387 404
1 389 410
1 404 410
1 335 389
1 335 404
1 374 408
1 400 410
1 375 400
1 399 408
1 399 403
1 399 404
1 389 407
1 389 408
1 399 407
1 407 408
1 403 407
1 404 407
