1 294 298
1 304 309
1 305 308
1 261 267
1 263 307
1 305 306
1 305 309
1 188 259
1 188 265
1 192 259
1 285 287
1 193 312
1 235 313
1 281 285
1 294 297
1 297 298
1 188 308
1 188 309
1 257 312
1 307 308
1 272 291
1 272 294
1 289 301
1 308 312
1 216 261
1 281 299
1 304 307
1 304 308
1 216 260
1 265 307
1 265 308
1 265 312
1 278 309
1 285 292
1 263 305
1 264 309
1 298 301
1 307 310
1 265 274
1 276 286
1 287 300
1 275 308
1 293 314
1 274 309
1 299 314
1 285 296
1 273 315
1 277 286
1 277 308
1 282 288
1 273 278
1 273 286
1 275 278
1 275 286
1 278 315
1 281 314
1 286 315
1 287 304
1 309 314
1 284 305
1 288 297
1 315 316
1 316 317
1 274 278
1 315 317
1 288 303
1 282 295
1 285 309
1 288 304
1 293 305
1 293 309
1 283 296
1 292 312
1 297 307
1 297 312
1 288 314
1 296 312
1 299 312
1 261 315
1 292 307
1 261 266
1 282 314
1 272 312
1 284 314
1 291 314
1 292 314
1 283 292
1 296 300
1 296 314
1 288 305
1 297 314
1 283 299
1 230 260
1 308 317
1 272 285
1 272 297
1 272 314
1 315 318
1 272 318
1 302 311
1 298 318
1 272 307
1 272 305
1 294 314
1 272 290
1 283 314
1 298 314
1 262 293
1 265 281
1 265 299
1 285 294
1 261 299
1 265 293
1 216 281
1 235 314
1 264 308
1 287 297
1 294 302
1 295 302
1 257 281
1 262 295
1 265 296
1 272 306
1 287 314
1 235 288
1 257 288
1 257 295
1 258 298
1 260 285
1 260 293
1 195 287
1 259 293
1 259 299
1 260 282
1 261 294
1 259 314
1 260 283
1 260 295
1 263 292
1 263 300
1 264 281
1 264 295
1 265 294
1 265 314
1 266 297
1 267 298
1 261 290
1 265 288
1 319 320
1 319 321
1 235 287
1 258 288
1 263 291
1 267 297
1 320 322
1 258 292
1 264 298
1 267 292
1 258 282
1 263 288
1 320 321
1 265 291
1 258 294
1 195 291
1 261 288
1 235 294
1 258 299
1 259 294
1 259 295
1 260 299
1 195 323
1 257 296
1 258 314
1 291 323
1 295 314
1 257 282
1 257 291
1 260 287
1 319 322
1 257 314
1 262 314
1 264 300
1 258 281
1 262 288
1 262 283
1 261 281
1 264 282
1 265 283
1 317 319
1 262 300
1 265 321
1 321 322
1 261 297
1 262 284
1 228 319
1 228 321
1 262 282
1 266 288
1 257 292
1 257 297
1 257 300
1 267 282
1 260 292
1 260 297
1 261 296
1 216 288
1 258 283
1 258 284
1 259 285
1 261 293
1 266 293
1 266 294
1 267 294
1 267 299
1 261 298
1 261 300
1 195 283
1 235 299
1 257 287
1 263 297
1 292 324
1 259 281
1 263 287
1 307 319
1 259 292
1 259 297
1 280 321
1 272 324
1 272 319
1 272 321
1 310 312
1 307 323
1 306 320
1 306 321
1 319 325
1 317 325
1 304 325
1 307 325
1 306 324
1 309 324
1 324 325
1 265 298
1 283 324
1 265 327
1 316 318
1 326 327
1 312 323
1 265 326
1 315 325
1 306 310
1 304 306
1 305 325
1 312 325
1 308 318
1 310 325
1 272 327
1 279 308
1 279 317
1 280 308
1 280 317
1 328 329
1 330 331
1 331 333
1 332 333
1 330 332
1 333 334
1 330 333
1 331 332
1 331 334
1 335 336
1 337 338
1 272 331
1 330 334
1 333 335
1 334 338
1 339 340
1 332 336
1 340 341
1 230 335
1 230 336
1 335 338
1 336 338
1 228 331
1 230 331
1 339 342
1 228 343
1 272 336
1 331 341
1 339 341
1 332 334
1 339 343
1 340 343
1 343 344
1 345 346
1 345 347
1 345 348
1 346 347
1 346 348
1 347 348
1 333 338
1 340 349
1 340 350
1 230 353
1 330 338
1 341 350
1 343 350
1 347 355
1 351 352
1 354 355
1 356 357
1 357 358
1 357 359
1 358 359
1 230 360
1 230 361
1 230 362
1 347 356
1 348 351
1 348 357
1 348 359
1 354 357
1 360 361
1 361 362
1 351 359
1 360 362
1 351 358
1 352 359
1 353 362
1 353 363
1 362 363
1 341 349
1 348 356
1 352 357
1 352 358
1 353 360
1 357 364
1 339 350
1 342 349
1 345 356
1 359 362
1 335 337
1 342 350
1 354 356
1 354 363
1 341 343
1 352 364
1 354 365
1 355 365
1 327 337
1 327 338
1 345 352
1 360 363
1 347 358
1 356 359
1 356 365
1 347 357
1 347 359
1 347 365
1 352 356
1 348 352
1 333 344
1 339 349
1 345 359
1 347 354
1 351 357
1 355 356
1 355 359
1 345 355
1 356 361
1 345 354
1 345 357
1 332 361
1 333 361
1 334 360
1 334 362
1 327 366
1 340 367
1 349 367
1 272 338
1 345 358
1 348 354
1 363 367
1 272 333
1 326 354
1 337 355
1 337 359
1 344 355
1 353 367
1 340 345
1 340 348
1 341 342
1 351 354
1 339 356
1 345 351
1 348 358
1 335 361
1 335 362
1 354 358
1 355 357
1 346 356
1 334 361
1 340 342
1 230 334
1 327 368
1 339 344
1 340 353
1 351 355
1 353 368
1 359 365
1 345 364
1 347 351
1 354 364
1 355 358
1 347 364
